/e/00.png,ball,7,7,0,0,0,0,0,,,,,,
/e/01.png,hole,11,11,0,0,1,0,0,,,,,,
/e/02.png,horizontal start,57,29,0,0,2,0,0,3,0,0,,,
/e/04.png,vertical start,29,57,0,0,4,0,0,5,0,0,,,
/e/06.png,big horizontal end,8,103,1,0,6,0,0,7,0.25,0,8,-0.25,0
/e/09.png,big horizontal,32,103,0,0,9,0,0,10,0.25,0,11,-0.25,0
/e/0c.png,big vertical end,103,8,0,1,12,0,0,13,0,0.25,14,0,-0.25
/e/0f.png,big vertical,103,32,0,0,15,0,0,16,0,0.25,17,0,-0.25
/e/12.png,horizontal end,8,65,1,0,18,0,0,19,0.25,0,20,-0.25,0
/e/15.png,horizontal,32,65,0,0,21,0,0,22,0.25,0,23,-0.25,0
/e/18.png,vertical end,65,8,0,1,24,0,0,25,0,0.25,26,0,-0.25
/e/1b.png,vertical,65,32,0,0,27,0,0,28,0,0.25,29,0,-0.25
/e/1e.png,diag22 big,90,114,1,0,30,0,0,31,0.2317,-0.0936,32,-0.2317,0.0936
/e/21.png,diag45 big,102,102,1,0,33,0,0,34,0.1767,-0.1767,35,-0.1767,0.1767
/e/24.png,diag22,52,68,1,0,36,0,0,37,0.2317,-0.0936,38,-0.2317,0.0936
/e/27.png,diag45,63,63,1,0,39,0,0,40,0.1767,-0.1767,41,-0.1767,0.1767
/e/2a.png,diag22 big end,89,114,1,1,42,0,0,43,0.2317,-0.0936,44,-0.2317,0.0936
/e/2d.png,diag45 big end,102,102,1,1,45,0,0,46,0.1767,-0.1767,47,-0.1767,0.1767
/e/30.png,diag22 end,55,70,1,1,48,0,0,49,0.2317,-0.0936,50,-0.2317,0.0936
/e/33.png,diag45 end,65,65,1,1,51,0,0,52,0.1767,-0.1767,53,-0.1767,0.1767
/e/36.png,diag22-90 big,114,90,0,1,54,0,0,55,0.0936,0.2317,56,-0.0936,-0.2317
/e/39.png,diag22-90 big end,114,89,1,1,57,0,0,58,0.0936,0.2317,59,-0.0936,-0.2317
/e/3c.png,diag22-90,68,52,0,1,60,0,0,61,0.0936,0.2317,62,-0.0936,-0.2317
/e/3f.png,diag22-90 end,70,55,1,1,63,0,0,64,0.0936,0.2317,65,-0.0936,-0.2317
/e/42.png,arc,88,88,1,1,66,0,0,67,0.1767,0.1767,68,-0.1767,-0.1767
/e/45.png,1/2 arc,63,71,1,1,69,0,0,70,0.1767,0.1767,71,-0.1767,-0.1767
/e/48.png,1/4 arc,41,67,1,1,72,0,0,73,0.1767,0.1767,74,-0.1767,-0.1767
/e/4b.png,bend45 big,83,107,1,1,75,0,0,76,0.1767,0.1767,77,-0.1767,-0.1767
/e/4e.png,bend22 big,63,107,1,1,78,0,0,79,0.0936,0.2317,80,-0.0936,-0.2317
/e/51.png,bend45,56,70,1,1,81,0,0,82,0.1767,0.1767,83,-0.1767,-0.1767
/e/54.png,bend45 big-90,107,83,1,1,84,0,0,,,,,,
/e/55.png,bend45-90,70,56,1,1,85,0,0,,,,,,
/e/56.png,bend22,45,69,1,1,86,0,0,87,0.0936,0.2317,88,-0.0936,-0.2317
/e/59.png,bend22 big-90,107,63,1,1,89,0,0,,,,,,
/e/5a.png,bend22-90,69,45,1,1,90,0,0,,,,,,
/e/5b.png,pool big,175,175,0,0,91,0,0,92,0,0.25,93,0,-0.25
/e/5e.png,pool,105,105,0,0,94,0,0,95,0,0.25,96,0,-0.25
/e/61.png,bend22 normal-down,63,107,1,1,97,0.2317,-0.0936,,,,,,
/e/62.png,bend22 normal-up,63,107,1,1,98,-0.2317,0.0936,,,,,,
/e/63.png,bend22 down-normal,63,107,1,1,99,0.25,0,,,,,,
/e/64.png,bend22 up-normal,63,107,1,1,100,-0.25,0,,,,,,
/e/65.png,bend45 normal-down,83,107,1,1,101,0.1767,-0.1767,,,,,,
/e/66.png,bend45 normal-up,83,107,1,1,102,-0.1767,0.1767,,,,,,
/e/67.png,bend45 down-normal,83,107,1,1,103,0.25,0,,,,,,
/e/68.png,bend45 up-normal,83,107,1,1,104,-0.25,0,,,,,,
/e/69.png,bend22-90 normal-down,107,63,1,1,105,0,0.25,,,,,,
/e/6a.png,bend22-90 normal-up,107,63,1,1,106,0,-0.25,,,,,,
/e/6b.png,bend22-90 down-normal,107,63,1,1,107,0.0936,0.2317,,,,,,
/e/6c.png,bend22-90 up-normal,107,63,1,1,108,-0.0936,-0.2317,,,,,,
/e/6d.png,bend45-90 normal-down,107,83,1,1,109,0,0.25,,,,,,
/e/6e.png,bend45-90 normal-up,107,83,1,1,110,0,-0.25,,,,,,
/e/6f.png,bend45-90 down-normal,107,83,1,1,111,0.1767,0.1767,,,,,,
/e/70.png,bend45-90 up-normal,107,83,1,1,112,-0.1767,-0.1767,,,,,,
/e/71.png,block triangle 1,16,16,0,1,113,0,0,,,,,,
/e/72.png,block triangle 2,16,16,0,1,114,0,0,,,,,,
/e/73.png,block,16,16,0,0,115,0,0,,,,,,
/e/74.png,block small H,16,4,0,0,116,0,0,,,,,,
/e/75.png,block small V,4,16,0,0,117,0,0,,,,,,
/e/76.png,block small,4,4,0,0,118,0,0,,,,,,
/e/77.png,block connector H,10,16,0,0,119,0,0,,,,,,
/e/78.png,block connector V,16,10,0,0,120,0,0,,,,,,
/e/79.png,block conn. small H,10,4,0,0,121,0,0,,,,,,
/e/7a.png,block conn. small V,4,10,0,0,122,0,0,,,,,,
/e/7b.png,blue flower,27,24,1,1,123,0,0,,,,,,
/e/7c.png,red flower,27,25,1,1,124,0,0,,,,,,
/e/7d.png,bush,41,36,1,1,125,0,0,,,,,,
/e/7e.png,bush small,24,22,1,1,126,0,0,,,,,,
/e/7f.png,pebble 1,10,11,1,1,127,0,0,,,,,,
/e/80.png,pebble 2,21,9,1,1,128,0,0,,,,,,
/e/81.png,pebble 3,13,16,1,1,129,0,0,,,,,,
/e/82.png,pebble 4,18,16,1,1,130,0,0,,,,,,
/e/83.png,pebble 5,28,28,1,1,131,0,0,,,,,,
/e/84.png,plain,16,16,0,0,132,0,0,133,0,0.25,134,0,-0.25
/e/87.png,1/2 arc-90,67,41,1,1,135,0,0,,,,,,
/e/88.png,1/4 arc-90,71,63,1,1,136,0,0,,,,,,
